8.001
0.2131
7.99913
123.213
2.412
2.341
8.232121
-13.21
8.00123
91.12
2.123
7.8921
7.89213
732.1
1.12313
9.01012
1.0123
1.0132
8.12213
8.9994
9.999
0.00123
100.92131
101.32321
7.9388
100.832
10.0321
-0.043
0.21324
0.221231
8.18321
-21.312
8.01212
-63.32
-20.123
30.213
8.1231
-23.23166
8.2432
12.654
-12.231
21.998
14.21
-4.211
213.123
212.898
12.213
-2.123
913.21
912.98
5.001
4.9991
8.19213
13.21312
23.231
23.321
23.678
-13.768
4.142
4.12421
8.1324
-2.111
8.9238
-3.112
8.121323
1.89123
3.33
3.3231
7.97382
-9.2311
9.23
1.12
9.67
9.701
8.02123
123.989
101.23
101.23213
1000.213
-990.09231
9.123
0.8983
8.100113
-124.5
23.65
23.676
100.321
100.4101
54.345
54.435
8.13121
-92.213
51.1234
-42.0001
12.234
-2.324
3.912
6.1231
-14.11
-14.112
8.0012
91.789
8.00213
-8.8912
100.123
-90.56
90.12
-80.32
9.213
9.1231
8.01342
10.534
8.0213
821.11
7.978
192.2121
8.991923
9.00123
4.1
4.2
124.123
124.321
9.999901
0.0000123
11.91
-1.89
8.0012
100.2132
7.92318
0.8231

